0,0,3932
0,0,3937
0,2,3922
0,3,3871
0,3,4432
0,4,3902
0,5,4355
0,6,3821
0,9,3993
0,14,4246
0,17,3845
0,17,3888
0,19,4169
0,19,4280
0,22,3873
0,24,3853
0,24,3914
0,26,4714
0,30,3829
0,30,4025
0,32,4277
0,33,4581
0,38,4382
0,39,4437
0,46,3831
0,46,4395
0,48,3886
0,48,3964
0,48,4143
0,50,4669
0,56,3907
0,56,4263
0,58,4040
0,58,4278
0,60,3978
0,61,3880
0,63,4191
0,64,4247
0,66,3859
0,70,4281
0,72,3814
0,72,3817
0,73,3902
0,76,4496
0,77,3945
0,77,4728
0,79,4200
0,79,4261
0,79,4424
0,84,3810
0,85,4287
0,85,4522
0,85,4562
0,87,4442
0,88,3961
0,95,3823
0,95,3898
0,96,3942
0,98,3930
0,99,4360
0,105,4275
0,105,4743
0,106,4268
0,106,4429
0,107,3811
0,108,3856
0,108,3877
0,111,3824
0,111,3862
0,111,4710
0,112,4273
0,119,4488
0,121,3890
0,121,3962
0,121,4138
0,121,4490
0,121,4535
0,122,4253
0,125,3813
0,125,3905
0,126,3815
0,127,4738
0,128,4335
0,128,4709
0,135,3868
0,135,3903
0,135,4095
0,136,3839
0,137,3816
0,137,4381
0,137,4460
0,142,3974
0,143,4326
0,146,3820
0,146,3981
0,146,3985
0,146,3990
0,148,3999
0,149,3819
0,152,4082
0,153,3937
0,153,4116
0,154,4325
0,159,3954
0,161,4317
0,171,4463
0,174,3837
0,176,3844
0,187,4166
0,193,3886
0,193,3896
0,193,4136
0,198,3924
0,198,4397
0,200,4476
0,206,4420
0,207,3930
0,207,3995
0,214,3916
0,214,4473
0,215,3916
0,219,4021
0,219,4114
0,223,4411
0,231,4009
0,240,4011
0,249,4219
0,251,4016
0,258,4014
0,261,4015
0,264,4500
0,266,4017
0,266,4254
0,266,4310
0,272,3941
0,272,4019
0,275,4295
0,278,3827
0,279,4083
0,279,4140
0,281,3958
0,293,3928
0,293,3939
0,293,3980
0,293,4134
0,298,4158
0,306,4023
0,320,3907
0,331,3851
0,336,4026
0,340,4027
0,345,3849
0,345,4035
0,346,4616
0,349,4028
0,353,4029
0,364,4031
0,368,4032
0,371,4033
0,377,4034
0,381,3987
0,385,3875
0,387,3988
0,387,4493
0,388,4069
0,392,4048
0,397,4260
0,406,3944
0,412,4070
0,416,3854
0,416,4036
0,416,4284
0,416,4416
0,418,4333
0,420,4358
0,423,3900
0,424,3901
0,436,4401
0,445,4409
0,445,4696
0,449,4037
0,457,4038
0,461,4197
0,469,4041
0,475,4121
0,476,4043
0,482,4044
0,489,4045
0,503,4046
0,503,4482
0,508,4049
0,508,4292
0,513,4086
0,513,4088
0,513,4544
0,518,3894
0,520,4051
0,531,4054
0,531,4280
0,559,4058
0,571,4060
0,571,4302
0,578,3846
0,578,4645
0,580,4089
0,581,3925
0,587,4062
0,591,4063
0,593,3918
0,593,4565
0,599,4470
0,602,4155
0,610,4099
0,616,4149
0,617,3828
0,617,4096
0,620,4087
0,623,4276
0,626,4128
0,626,4591
0,638,4582
0,647,4074
0,650,4465
0,652,4530
0,656,4565
0,657,4474
0,660,4064
0,660,4613
0,660,4618
0,660,4627
0,682,4065
0,687,4066
0,691,4067
0,695,4068
0,704,4563
0,705,4560
0,708,4071
0,711,4073
0,712,4521
0,714,4072
0,715,4561
0,720,4340
0,721,4084
0,726,4207
0,732,4104
0,735,4122
0,737,4694
0,753,4290
0,803,4615
0,809,4090
0,809,4549
0,809,4624
0,829,4094
0,829,4533
0,833,4131
0,870,4102
0,873,4301
0,878,4103
0,879,4700
0,882,4289
0,885,3972
0,885,4390
0,886,4106
0,896,4105
0,911,4163
0,913,4457
0,914,4165
0,915,4159
0,942,4107
0,942,4109
0,944,3892
0,945,3935
0,946,4115
0,947,3840
0,947,3933
0,947,4132
0,948,4113
0,949,3911
0,950,3977
0,952,4117
0,953,3943
0,953,4638
0,965,3841
0,965,3934
0,967,3895
0,979,3912
0,979,4294
0,980,4296
0,980,4672
0,996,3957
0,998,3891
0,998,4118
0,1003,3952
0,1005,3956
0,1005,4209
0,1009,4179
0,1014,4203
0,1017,4250
0,1017,4579
0,1020,4119
0,1025,4307
0,1031,4120
0,1042,4123
0,1046,4721
0,1047,4125
0,1047,4640
0,1047,4717
0,1049,4407
0,1049,4566
0,1054,4126
0,1057,4153
0,1058,4428
0,1059,4151
0,1076,4129
0,1083,4133
0,1088,4135
0,1093,4137
0,1104,4139
0,1109,4141
0,1113,4142
0,1117,4144
0,1127,4288
0,1132,4146
0,1135,4148
0,1137,4412
0,1137,4580
0,1148,3983
0,1148,4152
0,1158,4154
0,1164,4156
0,1175,4286
0,1180,4162
0,1188,4170
0,1201,3982
0,1212,4174
0,1217,4175
0,1217,4495
0,1218,4649
0,1221,4192
0,1225,4632
0,1234,4176
0,1237,4177
0,1249,4739
0,1249,4741
0,1268,4181
0,1273,4554
0,1276,4182
0,1284,4183
0,1297,4184
0,1315,4186
0,1318,4187
0,1326,4189
0,1326,4604
0,1328,4188
0,1336,3976
0,1338,4193
0,1339,4194
0,1340,4195
0,1359,4198
0,1362,4316
0,1362,4621
0,1370,4201
0,1372,4202
0,1376,4204
0,1378,4206
0,1384,4208
0,1390,4210
0,1396,4211
0,1404,4212
0,1416,4216
0,1420,4217
0,1421,4389
0,1440,4657
0,1440,4695
0,1447,4223
0,1469,4588
0,1475,4304
0,1496,3917
0,1498,4516
0,1502,4607
0,1503,4248
0,1504,3882
0,1505,4541
0,1508,4577
0,1514,4702
0,1532,4252
0,1548,3968
0,1555,4256
0,1558,4257
0,1559,4464
0,1560,4258
0,1572,4539
0,1575,4515
0,1575,4635
0,1585,4266
0,1593,4270
0,1594,4272
0,1599,4321
0,1599,4328
0,1600,4324
0,1663,4347
0,1674,4285
0,1720,4348
0,1724,4350
0,1724,4601
0,1735,4354
0,1739,4353
0,1750,4313
0,1753,4314
0,1763,4315
0,1783,4357
0,1790,4320
0,1813,4359
0,1827,4361
0,1846,4363
0,1890,4323
0,1892,4410
0,1895,4365
0,1899,4366
0,1899,4569
0,1924,4291
0,1949,3965
0,1951,4388
0,1957,3818
0,1970,4595
0,1973,4337
0,1979,4445
0,1998,4398
0,2005,4308
0,2012,4400
0,2023,4402
0,2029,4334
0,2035,4585
0,2053,4221
0,2080,4408
0,2091,4720
0,2122,4419
0,2128,4421
0,2140,4423
0,2168,4435
0,2177,4462
0,2189,4440
0,2205,4297
0,2214,3842
0,2226,4481
0,2233,3966
0,2242,3955
0,2276,3869
0,2280,4050
0,2280,4258
0,2285,3878
0,2286,3909
0,2289,4680
0,2305,4444
0,2356,4449
0,2360,4450
0,2371,4453
0,2373,4454
0,2375,3947
0,2377,4160
0,2385,4455
0,2388,4456
0,2394,4164
0,2394,4471
0,2410,3989
0,2420,4459
0,2441,4662
0,2460,4468
0,2477,4469
0,2533,4485
0,2534,4486
0,2557,4492
0,2559,4494
0,2581,4504
0,2585,4505
0,2592,4506
0,2594,4507
0,2599,4508
0,2619,4509
0,2632,4513
0,2673,4520
0,2713,4527
0,2716,4528
0,2741,4532
0,2743,4534
0,2767,4538
0,2778,4540
0,2814,4545
0,2823,4546
0,2829,4548
0,2834,4550
0,2851,4558
0,2869,4564
0,2869,4742
0,2880,4571
0,2906,4571
0,2915,4572
0,2915,4573
0,2915,4586
0,2915,4637
0,2927,4574
0,2945,4193
0,2946,4587
0,2948,4600
0,2962,4583
0,2987,4590
0,2992,4592
0,3016,4598
0,3039,4647
0,3039,4707
0,3046,4718
0,3048,4653
0,3060,4605
0,3139,4622
0,3147,4626
0,3164,4630
0,3186,3926
0,3266,4654
0,3268,4655
0,3300,4660
0,3313,4663
0,3317,4664
0,3322,4665
0,3327,4666
0,3350,4668
0,3387,4674
0,3400,4339
0,3417,4682
0,3433,4691
0,3437,4692
0,3465,4694
0,3479,4698
0,3484,4699
0,3485,4701
0,3499,4704
0,3539,4711
0,3550,4712
0,3557,4713
0,3572,4715
0,3670,3874
0,3711,4568
0,3714,4100
0,3767,4547
0,3789,4744
0,3798,4745
1,3,3890
1,4,4130
1,28,4246
1,48,3815
1,50,3962
1,68,3875
1,70,4565
1,72,3845
1,72,3888
1,78,4246
1,83,3961
1,85,3943
1,86,4093
1,91,3810
1,121,4471
1,127,3951
1,128,3821
1,142,3938
1,153,3941
1,154,3937
1,154,4474
1,157,3833
1,158,3833
1,158,4011
1,160,3954
1,175,3839
1,184,4101
1,218,3922
1,223,4005
1,246,3923
1,251,3924
1,275,4741
1,279,3827
1,291,4021
1,296,3980
1,354,4029
1,372,4033
1,384,3985
1,388,3988
1,425,3901
1,450,4037
1,466,4040
1,469,4721
1,470,4041
1,491,4045
1,511,4544
1,513,3928
1,513,4134
1,521,4051
1,559,4088
1,560,4058
1,588,4062
1,605,4096
1,621,4082
1,629,4074
1,631,4086
1,661,4064
1,662,4064
1,663,4064
1,664,4064
1,691,4088
1,693,4067
1,709,4071
1,734,3902
1,793,4087
1,797,4087
1,811,4270
1,819,4090
1,834,4096
1,847,4099
1,866,4176
1,871,4100
1,879,4103
1,879,4420
1,890,4104
1,912,3926
1,942,4544
1,948,4109
1,951,3895
1,961,3840
1,961,3933
1,988,4114
1,1003,4325
1,1015,4143
1,1024,4493
1,1053,4125
1,1055,4126
1,1056,4126
1,1066,4128
1,1080,4131
1,1094,4137
1,1103,4140
1,1110,4141
1,1114,4142
1,1118,4144
1,1136,4148
1,1159,4154
1,1165,4156
1,1171,4157
1,1189,4170
1,1199,3983
1,1218,4175
1,1231,4187
1,1238,4177
1,1249,4316
1,1286,4183
1,1316,4186
1,1327,4189
1,1330,4191
1,1455,4223
1,1502,4416
1,1503,4721
1,1505,4288
1,1507,4381
1,1525,4250
1,1533,4252
1,1534,4252
1,1549,3968
1,1550,3968
1,1661,4277
1,1664,4347
1,1666,4281
1,1733,4353
1,1879,4322
1,1880,4322
1,1891,4323
1,1898,4365
1,1922,4710
1,2013,4400
1,2075,4407
1,2170,3995
1,2190,4440
1,2191,4440
1,2253,4442
1,2292,3972
1,2438,4460
1,2440,4513
1,2461,4468
1,2503,4477
1,2607,4510
1,2717,4528
1,2720,4530
1,2768,4538
1,2898,4571
1,3669,3882
1,3673,3893
1,3674,4721
1,3678,4516
1,3683,4709
1,3711,4358
1,3742,4115
1,3784,4113
2,53,4246
2,56,3871
2,66,3854
2,66,3882
2,108,3824
2,135,4381
2,193,4382
2,236,3845
2,236,3888
2,319,4087
2,345,4339
2,354,3821
2,384,4038
2,437,4401
2,467,4040
2,471,4041
2,478,4043
2,490,4045
2,532,4054
2,544,3877
2,570,4060
2,590,4062
2,599,4082
2,678,4086
2,692,4067
2,697,4068
2,763,4084
2,831,4094
2,849,4099
2,1100,4437
2,1207,4171
2,1526,4250
2,1551,3968
2,1551,4256
2,1595,4278
2,1630,4275
2,1639,4272
2,1660,4277
2,1665,4281
2,1740,4353
2,1922,4335
2,1997,4398
2,2015,4400
2,2103,4412
2,2115,4416
2,2179,4438
2,2272,3862
2,2650,4516
2,2719,4530
2,2744,4534
2,2769,4538
2,3538,4710
3,0,3996
3,1,3840
3,1,3870
3,1,3932
3,1,4109
3,1,4132
3,1,4316
3,1,4424
3,1,4661
3,2,3818
3,2,3846
3,2,3864
3,2,3996
3,3,3858
3,3,3861
3,3,3932
3,3,3950
3,3,3964
3,3,4738
3,4,3932
3,4,4335
3,4,4535
3,5,3864
3,6,3817
3,6,3837
3,6,3867
3,6,3932
3,6,4369
3,6,4488
3,6,4537
3,6,4642
3,7,4247
3,8,3905
3,9,3905
3,10,3810
3,10,3907
3,11,3903
3,11,4057
3,12,3817
3,12,3887
3,13,3873
3,13,4053
3,14,4250
3,16,3962
3,16,4250
3,16,4566
3,17,3824
3,17,4258
3,18,3962
3,18,4258
3,20,3905
3,21,3943
3,21,4263
3,22,4476
3,23,3810
3,23,4329
3,24,3817
3,24,3868
3,24,4472
3,25,3813
3,25,3918
3,25,3956
3,25,4338
3,25,4473
3,26,3824
3,26,3846
3,26,4323
3,27,4368
3,29,3905
3,31,3851
3,31,3914
3,31,4110
3,34,3905
3,35,3822
3,35,4316
3,35,4369
3,37,3824
3,38,3823
3,38,3862
3,38,3878
3,38,4190
3,38,4642
3,39,3814
3,40,3824
3,41,3810
3,42,3811
3,43,3823
3,43,3844
3,43,3877
3,43,3964
3,43,4298
3,43,4369
3,44,4259
3,45,3810
3,45,3956
3,45,3986
3,46,3833
3,46,3839
3,46,3880
3,46,4263
3,47,3905
3,48,3932
3,49,4064
3,49,4743
3,50,3884
3,51,3824
3,52,4325
3,53,4119
3,54,3813
3,55,4247
3,56,3821
3,56,3823
3,56,4180
3,56,4369
3,57,4714
3,59,3810
3,60,4119
3,60,4472
3,62,3962
3,62,4642
3,64,4284
3,65,3824
3,66,3813
3,66,3856
3,66,3875
3,66,3946
3,66,4301
3,66,4335
3,66,4338
3,68,3918
3,68,3931
3,69,3810
3,69,3844
3,69,4119
3,70,4174
3,72,3823
3,72,4369
3,73,3824
3,73,4223
3,74,3810
3,74,4594
3,74,4651
3,74,4739
3,75,3887
3,75,4439
3,75,4473
3,76,3814
3,76,3917
3,76,4095
3,76,4223
3,76,4263
3,76,4268
3,76,4479
3,77,4006
3,77,4367
3,77,4387
3,81,3810
3,81,4143
3,81,4174
3,81,4248
3,81,4409
3,81,4586
3,81,4714
3,82,4246
3,84,4082
3,85,4130
3,86,4035
3,86,4223
3,86,4445
3,87,3814
3,87,3868
3,88,4107
3,88,4187
3,88,4298
3,88,4706
3,89,3962
3,89,4389
3,89,4669
3,90,3905
3,92,3810
3,93,4247
3,95,3847
3,95,4119
3,95,4369
3,96,4103
3,96,4107
3,96,4298
3,96,4325
3,96,4476
3,96,4603
3,98,4361
3,99,3888
3,99,4301
3,99,4503
3,100,4247
3,101,3810
3,101,4297
3,101,4736
3,102,3810
3,102,3887
3,102,4046
3,102,4332
3,102,4381
3,103,3810
3,103,3999
3,104,3937
3,104,3943
3,105,4507
3,106,4327
3,106,4471
3,106,4627
3,107,4490
3,108,3813
3,108,4298
3,108,4361
3,109,4347
3,111,4387
3,113,3914
3,113,4472
3,114,4247
3,115,3931
3,116,3810
3,116,4082
3,117,3873
3,118,4247
3,118,4248
3,119,4387
3,120,4247
3,121,3901
3,121,4119
3,121,4298
3,123,3962
3,123,4561
3,123,4562
3,124,3814
3,124,3848
3,124,3951
3,125,3864
3,125,3887
3,125,3902
3,126,3922
3,126,3960
3,126,3964
3,127,3917
3,127,3960
3,127,4083
3,127,4339
3,128,3960
3,128,4263
3,128,4369
3,128,4495
3,129,3812
3,129,3884
3,129,3960
3,129,4007
3,129,4442
3,130,3844
3,130,4029
3,130,4680
3,131,3918
3,131,3959
3,131,4096
3,131,4429
3,132,3959
3,133,3815
3,134,3930
3,136,3817
3,136,3880
3,136,3886
3,136,4006
3,136,4049
3,136,4497
3,136,4515
3,136,4617
3,136,4645
3,136,4741
3,137,4472
3,139,3816
3,140,4325
3,142,3976
3,142,3980
3,143,3974
3,143,4294
3,143,4325
3,144,3974
3,144,4355
3,145,3974
3,145,4009
3,146,3831
3,146,3996
3,146,4193
3,146,4221
3,146,4447
3,147,3820
3,147,3948
3,148,3884
3,149,3866
3,150,3819
3,151,3880
3,151,3938
3,151,3941
3,152,3918
3,152,3938
3,152,4007
3,153,3922
3,155,3937
3,156,3963
3,158,3841
3,158,4422
3,159,3988
3,159,4158
3,159,4424
3,161,4223
3,163,3953
3,164,3953
3,165,3953
3,166,3836
3,167,3836
3,167,3980
3,168,3835
3,170,3835
3,171,3846
3,171,3890
3,171,4329
3,171,4361
3,172,3838
3,172,3946
3,173,3838
3,175,4369
3,176,3839
3,176,3862
3,176,3864
3,176,3910
3,177,3837
3,177,4367
3,178,3837
3,180,3829
3,181,3843
3,182,3812
3,184,3934
3,184,3999
3,185,3999
3,185,4136
3,186,4003
3,186,4200
3,189,3885
3,190,3885
3,191,3885
3,192,3885
3,193,3864
3,194,3886
3,195,3886
3,196,3886
3,197,3886
3,198,4003
3,199,4002
3,200,3812
3,202,3918
3,202,3963
3,203,3951
3,203,3964
3,203,4294
3,203,4297
3,204,3913
3,205,4709
3,206,3930
3,206,4021
3,206,4217
3,207,3934
3,207,4021
3,207,4132
3,208,3900
3,208,3930
3,210,3915
3,211,3915
3,212,3915
3,212,4104
3,212,4637
3,213,3915
3,215,4738
3,216,3870
3,216,3916
3,219,3922
3,219,4479
3,220,3922
3,221,4521
3,223,4408
3,224,4005
3,225,4737
3,226,4441
3,228,4008
3,229,4008
3,231,3864
3,231,4369
3,232,3924
3,232,4009
3,232,4261
3,232,4295
3,233,4009
3,234,4009
3,235,4009
3,235,4549
3,236,4009
3,239,4010
3,241,4011
3,242,4011
3,243,4011
3,244,4011
3,245,4442
3,245,4703
3,247,3923
3,249,3924
3,249,4669
3,250,3924
3,252,4012
3,253,4012
3,254,4013
3,255,4013
3,256,4013
3,256,4223
3,257,4013
3,259,4014
3,260,4014
3,262,4015
3,263,4015
3,264,4015
3,265,4016
3,266,4221
3,267,4017
3,268,4017
3,271,4018
3,272,3898
3,272,4434
3,273,4019
3,274,4019
3,275,3956
3,275,4019
3,275,4325
3,276,4019
3,276,4223
3,277,4019
3,279,4309
3,279,4384
3,279,4424
3,283,3918
3,288,3978
3,288,3986
3,290,4020
3,292,4021
3,293,4021
3,293,4424
3,295,3986
3,295,4445
3,297,3980
3,297,4035
3,297,4420
3,298,3980
3,298,3988
3,298,4670
3,300,4022
3,302,4022
3,303,4022
3,304,4022
3,305,4022
3,307,4023
3,308,4023
3,309,4023
3,310,3894
3,310,3946
3,310,4023
3,311,4023
3,312,3946
3,313,3883
3,315,3883
3,316,3884
3,316,3936
3,316,4140
3,316,4147
3,319,3906
3,319,3956
3,321,3907
3,321,4335
3,322,3812
3,322,3907
3,322,4087
3,323,3907
3,323,4318
3,323,4651
3,326,4024
3,327,4024
3,328,4024
3,329,4025
3,329,4503
3,330,4025
3,331,4035
3,332,3851
3,333,3851
3,334,3851
3,335,3851
3,338,4026
3,339,4026
3,340,4728
3,342,4027
3,342,4442
3,343,4027
3,343,4500
3,344,3947
3,345,3831
3,345,3948
3,345,4132
3,345,4483
3,345,4575
3,346,3948
3,346,4424
3,347,4522
3,348,3830
3,349,3875
3,350,4028
3,351,4028
3,352,4028
3,353,4422
3,354,4369
3,354,4397
3,355,4029
3,356,4029
3,356,4038
3,357,4029
3,357,4275
3,357,4575
3,358,4029
3,358,4051
3,358,4261
3,358,4298
3,360,4030
3,361,4030
3,363,4030
3,365,4031
3,366,4031
3,367,4031
3,369,4032
3,370,4032
3,373,4033
3,374,4033
3,374,4157
3,375,4033
3,376,4033
3,376,4316
3,378,4034
3,379,4034
3,380,3812
3,380,4035
3,380,4118
3,382,3985
3,382,3987
3,382,4110
3,382,4460
3,382,4735
3,383,3875
3,383,3987
3,383,4544
3,384,3987
3,385,3939
3,385,3987
3,385,4420
3,387,3910
3,387,4424
3,387,4460
3,389,3988
3,390,3988
3,391,3988
3,392,3988
3,392,4446
3,393,3988
3,393,4420
3,394,3939
3,394,3988
3,394,4158
3,394,4476
3,395,3988
3,396,3988
3,397,3988
3,397,4434
3,398,4460
3,398,4483
3,399,3984
3,400,3984
3,402,3984
3,403,3985
3,404,4602
3,404,4726
3,405,3985
3,405,4361
3,407,3944
3,408,3944
3,409,3945
3,410,3945
3,411,3853
3,411,4390
3,411,4568
3,412,3896
3,412,3940
3,412,4649
3,413,3940
3,414,3898
3,414,3940
3,415,3940
3,416,3903
3,416,4287
3,417,3941
3,417,4254
3,417,4298
3,418,3939
3,418,3941
3,418,4221
3,419,3941
3,419,4728
3,420,3941
3,420,4048
3,420,4050
3,420,4258
3,420,4383
3,421,3941
3,422,3939
3,422,3941
3,424,3839
3,424,4313
3,424,4339
3,424,4460
3,425,4488
3,426,3887
3,426,3901
3,427,3901
3,428,3888
3,428,3902
3,428,4298
3,431,3890
3,431,4190
3,431,4316
3,431,4738
3,432,3890
3,432,4339
3,432,4458
3,433,3890
3,434,3890
3,435,3821
3,435,4369
3,436,4442
3,436,4721
3,439,3887
3,440,3852
3,441,4136
3,441,4655
3,442,4498
3,443,4221
3,443,4258
3,444,3888
3,445,4094
3,445,4258
3,445,4543
3,445,4601
3,445,4719
3,447,4036
3,448,4611
3,450,4398
3,451,4037
3,452,4037
3,453,4037
3,454,4037
3,455,4037
3,456,4038
3,458,4038
3,459,4038
3,460,4038
3,461,3882
3,461,4038
3,461,4612
3,462,4038
3,463,4038
3,464,4038
3,469,4316
3,469,4584
3,469,4617
3,470,4316
3,473,3854
3,474,3854
3,474,3887
3,475,3854
3,475,4223
3,479,4043
3,480,4043
3,481,4043
3,483,4044
3,484,4044
3,485,4044
3,486,4044
3,486,4727
3,487,4044
3,488,4044
3,492,4045
3,493,4045
3,494,4045
3,495,4045
3,497,3845
3,497,3888
3,498,3888
3,499,3888
3,500,3888
3,500,4612
3,501,3888
3,502,3888
3,503,3936
3,503,4174
3,503,4295
3,503,4635
3,504,4046
3,505,4046
3,506,3887
3,506,4357
3,506,4739
3,507,4048
3,507,4519
3,508,4727
3,509,4049
3,510,4049
3,510,4430
3,511,4049
3,511,4050
3,512,4049
3,513,3856
3,513,3877
3,513,3898
3,513,3918
3,513,4634
3,514,3887
3,514,4357
3,515,3882
3,515,4607
3,516,4258
3,517,3882
3,517,3887
3,518,3882
3,518,4176
3,518,4420
3,519,3882
3,519,4504
3,522,4051
3,523,3995
3,523,4051
3,523,4537
3,524,4051
3,525,4053
3,526,4053
3,527,4053
3,528,4053
3,529,4053
3,530,4053
3,533,4054
3,534,4054
3,535,4054
3,536,4054
3,537,4054
3,538,4054
3,539,3993
3,540,4055
3,541,4055
3,542,3925
3,543,3856
3,544,3856
3,545,3856
3,545,3877
3,545,4223
3,545,4530
3,546,3856
3,546,3859
3,547,3856
3,547,3859
3,547,4281
3,548,3856
3,548,3859
3,552,4057
3,553,4190
3,554,4057
3,554,4103
3,554,4270
3,555,4057
3,556,4057
3,557,4057
3,558,4057
3,561,4058
3,562,4058
3,563,4058
3,564,4058
3,565,4058
3,565,4513
3,568,4060
3,569,4060
3,572,4060
3,573,4060
3,573,4222
3,574,4060
3,575,3887
3,576,3846
3,576,3912
3,576,4473
3,577,3846
3,577,4283
3,577,4316
3,577,4357
3,577,4621
3,578,4196
3,579,3846
3,579,3878
3,580,4116
3,580,4261
3,580,4458
3,582,3925
3,583,3925
3,584,3925
3,585,3925
3,586,3925
3,587,3898
3,587,3899
3,587,3939
3,587,4513
3,588,3898
3,588,3899
3,588,4566
3,589,3898
3,589,4062
3,590,3898
3,591,3898
3,591,3899
3,591,3939
3,592,4063
3,592,4566
3,593,3898
3,593,3899
3,593,3939
3,593,4327
3,594,3875
3,594,4543
3,596,4157
3,597,4358
3,598,3918
3,598,4441
3,598,4703
3,599,4164
3,600,3918
3,600,4672
3,601,3918
3,602,3874
3,602,4126
3,602,4410
3,603,4083
3,604,3918
3,604,4083
3,605,4476
3,606,4082
3,607,3918
3,608,4190
3,609,3918
3,610,3918
3,610,4441
3,611,3918
3,611,4474
3,612,4327
3,613,4166
3,614,3918
3,614,4087
3,615,4176
3,615,4441
3,615,4703
3,616,3918
3,617,3902
3,617,3918
3,617,3939
3,617,4101
3,618,4192
3,619,3898
3,619,3918
3,620,3898
3,620,3918
3,620,3955
3,620,4543
3,621,3918
3,622,3918
3,624,3918
3,625,4565
3,626,3910
3,626,3918
3,627,4104
3,628,4254
3,631,3918
3,631,4270
3,631,4547
3,632,3918
3,632,4260
3,633,4083
3,634,4521
3,635,4183
3,636,3918
3,636,4419
3,637,4315
3,638,4318
3,639,4704
3,640,3918
3,640,4082
3,640,4476
3,641,4571
3,642,3918
3,642,4083
3,643,3898
3,643,3918
3,644,4348
3,644,4350
3,645,3918
3,646,4252
3,646,4504
3,647,3918
3,648,3812
3,648,3918
3,648,4355
3,649,4273
3,651,4718
3,652,4161
3,652,4297
3,652,4565
3,652,4617
3,653,4086
3,654,3918
3,654,3955
3,654,4095
3,654,4496
3,655,3918
3,656,3917
3,656,3928
3,656,4134
3,656,4145
3,656,4617
3,657,3918
3,657,4119
3,657,4476
3,658,3898
3,658,4703
3,659,3918
3,660,3898
3,660,3899
3,660,3939
3,660,4147
3,660,4161
3,660,4566
3,660,4721
3,661,3898
3,662,4673
3,663,4281
3,664,3898
3,665,4064
3,666,4064
3,667,4064
3,668,4064
3,669,4064
3,670,4064
3,671,4064
3,672,4064
3,673,4064
3,674,4064
3,675,4064
3,676,4064
3,677,4064
3,678,4064
3,679,4064
3,680,4064
3,681,3810
3,682,4154
3,683,4065
3,683,4095
3,683,4521
3,683,4632
3,684,4065
3,685,4065
3,686,4065
3,688,4066
3,688,4565
3,689,4066
3,690,4066
3,691,3898
3,691,4694
3,693,4090
3,694,4067
3,694,4090
3,695,3898
3,699,4068
3,700,4069
3,701,4069
3,702,4315
3,703,4098
3,705,4070
3,706,4070
3,707,4070
3,707,4544
3,709,4565
3,710,4071
3,712,4073
3,713,4073
3,714,4316
3,715,3898
3,715,3899
3,715,4072
3,715,4164
3,715,4631
3,716,4072
3,716,4217
3,717,4072
3,718,3898
3,718,3899
3,719,3899
3,719,4083
3,719,4560
3,720,3898
3,720,3899
3,721,3898
3,721,3899
3,721,3939
3,721,4471
3,722,4074
3,723,4074
3,724,4074
3,726,3898
3,726,4116
3,726,4317
3,726,4454
3,726,4473
3,726,4537
3,727,4160
3,728,3898
3,728,4397
3,730,4575
3,731,4105
3,731,4119
3,731,4168
3,731,4346
3,732,4340
3,733,3902
3,735,4064
3,736,4566
3,737,3939
3,738,3898
3,739,3898
3,740,4516
3,741,4695
3,742,3898
3,743,3898
3,744,3898
3,744,3939
3,745,3898
3,746,3898
3,746,4390
3,747,3898
3,747,3972
3,747,4325
3,748,3898
3,749,3898
3,750,3898
3,751,3898
3,752,4082
3,753,4082
3,754,4082
3,755,4082
3,756,4082
3,757,4082
3,758,4082
3,759,3917
3,759,4083
3,761,4084
3,762,4084
3,764,4084
3,765,4084
3,766,4086
3,767,4086
3,768,4086
3,769,4086
3,770,4085
3,771,4085
3,772,4085
3,773,4085
3,774,4085
3,775,4085
3,776,4085
3,777,4085
3,778,4085
3,779,4085
3,780,4085
3,781,4085
3,782,4085
3,783,4085
3,784,4085
3,785,4085
3,786,4085
3,787,4085
3,788,4085
3,789,4085
3,790,4085
3,791,4085
3,791,4293
3,792,4087
3,794,4087
3,795,4087
3,796,4087
3,797,4442
3,798,4087
3,799,4087
3,800,4088
3,801,4088
3,802,4088
3,803,4088
3,803,4595
3,805,4088
3,806,4088
3,807,4088
3,808,4088
3,809,4460
3,810,4090
3,811,4090
3,811,4422
3,812,4090
3,813,4090
3,814,4090
3,814,4128
3,815,4090
3,816,4090
3,817,4090
3,818,4090
3,820,4180
3,820,4721
3,821,3958
3,821,4091
3,822,4091
3,823,4091
3,824,4465
3,825,4093
3,826,4093
3,827,4093
3,827,4106
3,828,4092
3,832,4094
3,833,4095
3,835,4096
3,836,4096
3,836,4157
3,837,4096
3,838,3993
3,838,4096
3,839,4096
3,840,4096
3,841,4096
3,843,3898
3,843,4097
3,844,4097
3,845,4099
3,846,4099
3,846,4442
3,848,4099
3,850,4099
3,851,4098
3,852,4098
3,853,4098
3,853,4442
3,854,4098
3,855,4098
3,856,4098
3,857,4098
3,858,4098
3,859,4098
3,860,4098
3,861,4098
3,862,4098
3,863,4098
3,864,4098
3,865,4098
3,866,4537
3,867,3875
3,868,3875
3,868,3931
3,869,3875
3,870,3875
3,870,4287
3,870,4328
3,872,4100
3,873,4101
3,873,4103
3,873,4114
3,873,4575
3,873,4670
3,874,4270
3,874,4547
3,875,4189
3,876,4102
3,876,4597
3,877,4102
3,878,3864
3,879,4321
3,879,4591
3,879,4640
3,879,4643
3,880,4103
3,881,4103
3,881,4514
3,882,4103
3,882,4645
3,883,4103
3,884,4103
3,884,4176
3,884,4294
3,884,4672
3,886,3874
3,886,4134
3,887,3939
3,888,3939
3,889,4104
3,891,4104
3,892,4104
3,893,4104
3,894,4104
3,895,4104
3,897,4105
3,898,4105
3,898,4332
3,899,4105
3,900,4105
3,901,4105
3,902,4105
3,903,4105
3,903,4136
3,903,4219
3,903,4594
3,903,4637
3,904,4105
3,905,3926
3,905,4105
3,905,4630
3,906,4105
3,907,4105
3,908,4105
3,908,4177
3,909,4105
3,911,4106
3,913,4106
3,914,3865
3,914,4106
3,914,4618
3,915,4106
3,916,3887
3,917,3887
3,918,3887
3,918,4574
3,919,3887
3,920,3887
3,921,3887
3,922,3887
3,923,3887
3,923,4491
3,924,3887
3,925,3887
3,926,3887
3,927,3887
3,928,3887
3,928,4219
3,929,3887
3,930,3887
3,931,3887
3,932,3887
3,933,3887
3,934,3887
3,935,3887
3,936,3887
3,937,3887
3,938,3887
3,938,4048
3,939,3887
3,940,3887
3,941,3887
3,942,4328
3,942,4454
3,942,4578
3,943,4361
3,944,4107
3,944,4325
3,944,4460
3,945,4107
3,946,4107
3,947,4107
3,948,4107
3,949,4107
3,949,4325
3,949,4389
3,950,3946
3,950,3952
3,950,4107
3,951,4109
3,952,3874
3,952,4107
3,952,4726
3,955,3926
3,956,3927
3,956,4134
3,957,3928
3,957,4134
3,958,3928
3,958,4134
3,958,4726
3,959,3928
3,959,4134
3,960,3928
3,960,4134
3,962,3840
3,962,3933
3,963,3933
3,964,3934
3,965,4138
3,965,4429
3,966,3847
3,967,4107
3,967,4119
3,967,4325
3,967,4360
3,968,3896
3,969,3896
3,969,4110
3,969,4601
3,970,4301
3,971,4600
3,971,4612
3,972,4110
3,974,3935
3,975,3936
3,975,4645
3,976,3936
3,976,3952
3,976,4140
3,976,4718
3,978,3911
3,979,3812
3,979,3821
3,979,3910
3,979,4367
3,979,4680
3,980,3912
3,980,4738
3,980,4739
3,982,3942
3,984,3978
3,985,3978
3,986,3978
3,986,4544
3,986,4560
3,986,4646
3,986,4741
3,988,3991
3,989,3909
3,989,3952
3,989,4114
3,990,4114
3,991,4114
3,991,4434
3,992,4114
3,994,4116
3,995,4115
3,996,4107
3,997,3957
3,998,4625
3,999,4634
3,999,4649
3,1000,4118
3,1001,4118
3,1001,4636
3,1002,4305
3,1003,3958
3,1003,4119
3,1004,3958
3,1006,3956
3,1006,4200
3,1007,3952
3,1007,3956
3,1007,4325
3,1008,3956
3,1008,4325
3,1009,3956
3,1009,4543
3,1009,4726
3,1010,3956
3,1010,4325
3,1011,3956
3,1011,4386
3,1012,3956
3,1012,4325
3,1012,4691
3,1013,3956
3,1014,3956
3,1015,3956
3,1015,4306
3,1015,4325
3,1016,3894
3,1017,3894
3,1017,4258
3,1017,4316
3,1017,4589
3,1018,4460
3,1021,4119
3,1022,4119
3,1023,4119
3,1023,4674
3,1024,4119
3,1024,4223
3,1024,4603
3,1025,4119
3,1025,4325
3,1025,4594
3,1026,4119
3,1027,3952
3,1027,4119
3,1027,4176
3,1027,4305
3,1027,4325
3,1028,4281
3,1029,3952
3,1030,3952
3,1031,4215
3,1031,4561
3,1031,4594
3,1031,4602
3,1033,4122
3,1034,4122
3,1035,4122
3,1036,4122
3,1037,4122
3,1038,4122
3,1039,4122
3,1040,4541
3,1041,4123
3,1042,4540
3,1043,4123
3,1044,4123
3,1045,4123
3,1046,4123
3,1046,4223
3,1046,4562
3,1048,4125
3,1049,4125
3,1049,4223
3,1049,4714
3,1050,4125
3,1051,4125
3,1051,4187
3,1051,4248
3,1052,4125
3,1054,3917
3,1054,4328
3,1054,4338
3,1057,4126
3,1058,4126
3,1059,4126
3,1060,4126
3,1061,4126
3,1062,4126
3,1062,4172
3,1063,4126
3,1064,4126
3,1067,4128
3,1068,4128
3,1069,4128
3,1070,4128
3,1071,4128
3,1072,4128
3,1073,4128
3,1074,4130
3,1075,4130
3,1075,4327
3,1077,4129
3,1077,4223
3,1078,4129
3,1078,4409
3,1079,4132
3,1081,4131
3,1082,4131
3,1083,4541
3,1084,4133
3,1085,4133
3,1085,4409
3,1087,4136
3,1088,4406
3,1089,4135
3,1090,4135
3,1091,4135
3,1092,4135
3,1093,4476
3,1095,4137
3,1096,4137
3,1097,4137
3,1098,4138
3,1099,4138
3,1099,4258
3,1100,4138
3,1100,4463
3,1101,4138
3,1102,4140
3,1104,4410
3,1105,4139
3,1106,4139
3,1106,4538
3,1106,4624
3,1107,4139
3,1108,4139
3,1111,4141
3,1115,4142
3,1115,4458
3,1116,4143
3,1117,4408
3,1118,4408
3,1119,4144
3,1120,4144
3,1121,4144
3,1122,4144
3,1123,4144
3,1124,4144
3,1125,4145
3,1126,4145
3,1127,4145
3,1128,4145
3,1128,4409
3,1129,4145
3,1129,4406
3,1131,4145
3,1131,4407
3,1133,4146
3,1134,4146
3,1135,4716
3,1136,4407
3,1137,4148
3,1137,4410
3,1137,4416
3,1138,4148
3,1140,4148
3,1141,4148
3,1142,4149
3,1143,4149
3,1143,4181
3,1143,4407
3,1143,4721
3,1144,4149
3,1145,4149
3,1145,4248
3,1145,4564
3,1146,4149
3,1147,4149
3,1149,4150
3,1150,4150
3,1151,4150
3,1152,4150
3,1153,4150
3,1154,4152
3,1155,4152
3,1156,4150
3,1157,4150
3,1159,4633
3,1160,4154
3,1160,4493
3,1161,4154
3,1162,4154
3,1163,4153
3,1166,4156
3,1167,4156
3,1168,4156
3,1169,4156
3,1170,4155
3,1172,4157
3,1173,4157
3,1173,4418
3,1174,4158
3,1175,4158
3,1176,4158
3,1177,4158
3,1177,4314
3,1178,4158
3,1179,4158
3,1184,4167
3,1185,4169
3,1186,4169
3,1187,4169
3,1190,4170
3,1191,4170
3,1192,4170
3,1193,3828
3,1193,4095
3,1194,3828
3,1195,3828
3,1196,3829
3,1197,3829
3,1198,3829
3,1199,3829
3,1199,4284
3,1200,3829
3,1201,3829
3,1201,4180
3,1201,4495
3,1202,3829
3,1203,4172
3,1204,4172
3,1205,4172
3,1208,4173
3,1209,4173
3,1210,4173
3,1211,4173
3,1213,4174
3,1214,4174
3,1215,4174
3,1216,4174
3,1217,4614
3,1218,4726
3,1219,4175
3,1219,4652
3,1220,4175
3,1220,4652
3,1221,4175
3,1221,4190
3,1222,4175
3,1222,4650
3,1223,4175
3,1223,4651
3,1224,4175
3,1224,4357
3,1224,4650
3,1225,3891
3,1225,4606
3,1225,4650
3,1226,3891
3,1227,3891
3,1228,3891
3,1229,3891
3,1230,3891
3,1231,3891
3,1232,3891
3,1233,3891
3,1235,4176
3,1236,4176
3,1239,4177
3,1240,4177
3,1241,4177
3,1242,4177
3,1243,4177
3,1244,4564
3,1244,4722
3,1245,4177
3,1246,4177
3,1246,4516
3,1247,4177
3,1247,4440
3,1248,4177
3,1248,4588
3,1250,4178
3,1251,4178
3,1252,4178
3,1252,4312
3,1253,4178
3,1254,4178
3,1254,4729
3,1255,4178
3,1255,4725
3,1256,4178
3,1257,4178
3,1258,4426
3,1258,4589
3,1258,4726
3,1258,4729
3,1259,4178
3,1260,4178
3,1261,4178
3,1262,4178
3,1263,4178
3,1264,3971
3,1264,4426
3,1265,4724
3,1266,4182
3,1267,4180
3,1267,4221
3,1268,4164
3,1269,4181
3,1270,4181
3,1271,4181
3,1272,4181
3,1273,4181
3,1273,4280
3,1273,4544
3,1273,4560
3,1273,4632
3,1274,4181
3,1275,4181
3,1277,4182
3,1278,4182
3,1279,4182
3,1279,4469
3,1280,4182
3,1280,4646
3,1281,4182
3,1282,4182
3,1283,4182
3,1285,4183
3,1287,4183
3,1288,4183
3,1289,4183
3,1290,4183
3,1291,4183
3,1292,4183
3,1293,4183
3,1294,4183
3,1295,4183
3,1296,4183
3,1296,4692
3,1298,4184
3,1299,4184
3,1300,4184
3,1301,4184
3,1302,4184
3,1303,4184
3,1303,4689
3,1304,4184
3,1305,4184
3,1306,4184
3,1307,4184
3,1308,4184
3,1309,4184
3,1309,4650
3,1309,4653
3,1310,4184
3,1310,4660
3,1311,4185
3,1312,4185
3,1313,4185
3,1314,4185
3,1314,4692
3,1316,4614
3,1317,4186
3,1317,4614
3,1319,4187
3,1320,4187
3,1321,4187
3,1322,4187
3,1323,4187
3,1323,4591
3,1323,4648
3,1324,4188
3,1325,4188
3,1327,4593
3,1328,4175
3,1329,4189
3,1329,4672
3,1331,4190
3,1331,4328
3,1331,4586
3,1331,4635
3,1332,4744
3,1333,4190
3,1334,4190
3,1334,4223
3,1335,4190
3,1336,4190
3,1337,4190
3,1341,4194
3,1342,4194
3,1343,4194
3,1344,4194
3,1345,4194
3,1346,4194
3,1347,4196
3,1348,4196
3,1349,4196
3,1350,4196
3,1351,4196
3,1352,4196
3,1353,4196
3,1354,4197
3,1355,4197
3,1356,4197
3,1357,4197
3,1358,4197
3,1360,4198
3,1361,4198
3,1362,4199
3,1363,4199
3,1363,4223
3,1363,4335
3,1363,4621
3,1364,4200
3,1365,4200
3,1366,4200
3,1367,4200
3,1368,4200
3,1369,4200
3,1371,4201
3,1373,4203
3,1374,4203
3,1375,4203
3,1377,4205
3,1378,4317
3,1378,4690
3,1379,4207
3,1379,4324
3,1380,4207
3,1381,4207
3,1382,4207
3,1383,4207
3,1385,4208
3,1386,4209
3,1387,4209
3,1388,4209
3,1389,4209
3,1389,4306
3,1391,4210
3,1392,4210
3,1393,4210
3,1394,4210
3,1395,4210
3,1396,3870
3,1396,4327
3,1396,4620
3,1397,4211
3,1398,4211
3,1399,4211
3,1400,4211
3,1401,4211
3,1401,4317
3,1402,4211
3,1406,4212
3,1412,4281
3,1414,4214
3,1417,4216
3,1418,4216
3,1419,4216
3,1421,4217
3,1421,4434
3,1421,4493
3,1422,4217
3,1423,4681
3,1424,4219
3,1425,4219
3,1426,4219
3,1427,4219
3,1429,3993
3,1430,3993
3,1431,3993
3,1432,3993
3,1433,4223
3,1434,4223
3,1435,4223
3,1436,4223
3,1437,4223
3,1438,4223
3,1439,4223
3,1440,4223
3,1440,4317
3,1440,4628
3,1440,4635
3,1441,4223
3,1441,4518
3,1442,4223
3,1443,4223
3,1444,4223
3,1445,4223
3,1446,4223
3,1447,4275
3,1448,4223
3,1449,4223
3,1450,4223
3,1451,4223
3,1452,4223
3,1453,4223
3,1454,4223
3,1456,4223
3,1457,4223
3,1458,4223
3,1459,4223
3,1460,4223
3,1460,4306
3,1460,4325
3,1460,4716
3,1461,4223
3,1461,4632
3,1462,4223
3,1463,4223
3,1464,4223
3,1465,4223
3,1465,4710
3,1466,4223
3,1467,4223
3,1467,4365
3,1468,4223
3,1469,3847
3,1469,4223
3,1469,4498
3,1470,4223
3,1470,4739
3,1471,4223
3,1472,4223
3,1473,4223
3,1474,4223
3,1475,4223
3,1475,4254
3,1475,4321
3,1476,4223
3,1477,4223
3,1478,4223
3,1479,4223
3,1479,4565
3,1479,4721
3,1480,4223
3,1481,4223
3,1482,4223
3,1483,4223
3,1484,4223
3,1485,4223
3,1486,4223
3,1487,4223
3,1488,4223
3,1489,4223
3,1490,4223
3,1491,4223
3,1492,4223
3,1493,4223
3,1496,4298
3,1498,4624
3,1502,4555
3,1502,4631
3,1505,4321
3,1505,4327
3,1505,4617
3,1505,4723
3,1506,4695
3,1507,4577
3,1508,4567
3,1508,4709
3,1510,4176
3,1510,4624
3,1518,4248
3,1518,4609
3,1519,4248
3,1520,4248
3,1521,4248
3,1522,4248
3,1523,4248
3,1524,4248
3,1527,4250
3,1528,4250
3,1528,4714
3,1529,4250
3,1530,4250
3,1531,4250
3,1531,4266
3,1532,4254
3,1533,4254
3,1534,4424
3,1536,4252
3,1537,4252
3,1538,4252
3,1539,4252
3,1540,4714
3,1541,4254
3,1542,4254
3,1543,4254
3,1544,4254
3,1545,4254
3,1546,4254
3,1546,4649
3,1547,4254
3,1552,3968
3,1553,3968
3,1554,3968
3,1556,4215
3,1556,4256
3,1556,4303
3,1557,4256
3,1559,4299
3,1559,4432
3,1559,4741
3,1560,4404
3,1561,4258
3,1562,4258
3,1563,4258
3,1564,4258
3,1564,4573
3,1565,4258
3,1566,4258
3,1567,4258
3,1568,4258
3,1569,4258
3,1570,4258
3,1570,4574
3,1571,4258
3,1573,4258
3,1574,4258
3,1575,4258
3,1576,4258
3,1577,4261
3,1577,4424
3,1577,4442
3,1577,4591
3,1577,4709
3,1578,4261
3,1579,4260
3,1580,4262
3,1581,4258
3,1582,4263
3,1582,4539
3,1583,4263
3,1584,4264
3,1586,4266
3,1587,3898
3,1587,4266
3,1587,4617
3,1587,4644
3,1588,4266
3,1589,4267
3,1590,4267
3,1591,4268
3,1592,4268
3,1593,3917
3,1593,4414
3,1597,3866
3,1598,4120
3,1598,4320
3,1599,4050
3,1601,3943
3,1601,4559
3,1602,4325
3,1603,3812
3,1605,4298
3,1606,4298
3,1607,4298
3,1608,4298
3,1611,4637
3,1623,4279
3,1624,4279
3,1625,4279
3,1626,4279
3,1627,4279
3,1628,4279
3,1629,4279
3,1631,4275
3,1632,4275
3,1633,4275
3,1634,4275
3,1635,4275
3,1636,4276
3,1637,4272
3,1638,4272
3,1640,4272
3,1641,4272
3,1642,4272
3,1643,4272
3,1644,4274
3,1646,4273
3,1647,4273
3,1648,4273
3,1649,4273
3,1650,4273
3,1651,4273
3,1652,4273
3,1653,4277
3,1654,4277
3,1655,4277
3,1656,4277
3,1657,4277
3,1658,4277
3,1659,4277
3,1662,4277
3,1667,3894
3,1667,4281
3,1668,4281
3,1669,4280
3,1670,4280
3,1671,4280
3,1672,4280
3,1672,4590
3,1673,4280
3,1675,4286
3,1676,4286
3,1677,4284
3,1677,4286
3,1678,4284
3,1679,4147
3,1680,4147
3,1681,4147
3,1682,4147
3,1683,4147
3,1684,4147
3,1685,4147
3,1686,4147
3,1687,4147
3,1688,4147
3,1689,4147
3,1690,4147
3,1691,4147
3,1692,4147
3,1693,4147
3,1694,4147
3,1695,4147
3,1696,4147
3,1697,4147
3,1698,4147
3,1699,4147
3,1700,4147
3,1701,4147
3,1702,4147
3,1703,4147
3,1704,4147
3,1705,4147
3,1706,4147
3,1707,4147
3,1708,4267
3,1709,4267
3,1710,4267
3,1711,4270
3,1711,4383
3,1712,4270
3,1713,4270
3,1713,4549
3,1714,4270
3,1715,4270
3,1716,4270
3,1717,4270
3,1718,4349
3,1719,4271
3,1720,4316
3,1721,4348
3,1722,4348
3,1723,4348
3,1723,4547
3,1724,4348
3,1725,4348
3,1725,4350
3,1726,4348
3,1726,4350
3,1726,4352
3,1727,4350
3,1729,4352
3,1730,4352
3,1731,4352
3,1732,4355
3,1733,4355
3,1734,4355
3,1736,4354
3,1737,4354
3,1738,4354
3,1742,4353
3,1743,4356
3,1744,4356
3,1745,4313
3,1745,4319
3,1746,4313
3,1746,4319
3,1747,4313
3,1748,4313
3,1749,4313
3,1751,4313
3,1752,4313
3,1754,4314
3,1755,4314
3,1756,4314
3,1757,4314
3,1758,4314
3,1759,4314
3,1760,4314
3,1764,4315
3,1765,4315
3,1766,4315
3,1767,4315
3,1767,4531
3,1768,4315
3,1769,4315
3,1770,4315
3,1771,4315
3,1772,4315
3,1773,4315
3,1774,4315
3,1775,4315
3,1776,4315
3,1777,4315
3,1778,4315
3,1779,4315
3,1780,4315
3,1780,4730
3,1781,4316
3,1781,4621
3,1782,4663
3,1784,4357
3,1785,4357
3,1786,4318
3,1787,4318
3,1787,4685
3,1787,4690
3,1788,4120
3,1788,4318
3,1789,4318
3,1791,4320
3,1792,4320
3,1793,4120
3,1794,4120
3,1795,4120
3,1796,4120
3,1797,4120
3,1798,4705
3,1799,4705
3,1800,4705
3,1801,4705
3,1802,4705
3,1803,4705
3,1804,4705
3,1805,4705
3,1806,4705
3,1807,4705
3,1808,4358
3,1809,4358
3,1810,4358
3,1811,4358
3,1812,4358
3,1814,4359
3,1815,4359
3,1816,4359
3,1817,4359
3,1818,4359
3,1819,4359
3,1820,4359
3,1821,4359
3,1822,4359
3,1823,4359
3,1824,3813
3,1825,3813
3,1826,3813
3,1827,4311
3,1828,4361
3,1828,4504
3,1829,4361
3,1830,4361
3,1831,4361
3,1832,4361
3,1832,4368
3,1832,4528
3,1833,4361
3,1834,4361
3,1835,4360
3,1836,4360
3,1837,4360
3,1838,4362
3,1839,4269
3,1840,4269
3,1842,3896
3,1842,4269
3,1843,4269
3,1844,4269
3,1845,4269
3,1847,4363
3,1848,4363
3,1849,4363
3,1850,4363
3,1851,4363
3,1852,4363
3,1853,4363
3,1854,4363
3,1855,4363
3,1856,4363
3,1857,4363
3,1858,4363
3,1859,4363
3,1860,4363
3,1861,4363
3,1862,4363
3,1863,4363
3,1864,4363
3,1865,4363
3,1866,4363
3,1867,4363
3,1868,4363
3,1869,4364
3,1870,4364
3,1871,4364
3,1872,4364
3,1873,4364
3,1874,4364
3,1875,4364
3,1876,4364
3,1877,4364
3,1878,4364
3,1881,4322
3,1882,4322
3,1883,4322
3,1884,4322
3,1885,4322
3,1886,4322
3,1887,4322
3,1888,4322
3,1889,3903
3,1892,4323
3,1893,4406
3,1893,4596
3,1894,4186
3,1894,4323
3,1896,4365
3,1897,4365
3,1901,4367
3,1902,4367
3,1903,4367
3,1904,4367
3,1905,4367
3,1906,4367
3,1907,4367
3,1908,4367
3,1909,4367
3,1910,4367
3,1911,4369
3,1912,4369
3,1913,4369
3,1914,4369
3,1915,4368
3,1916,4368
3,1917,4368
3,1918,4368
3,1919,4368
3,1920,4368
3,1921,4368
3,1923,4335
3,1925,4291
3,1926,4291
3,1927,4292
3,1928,4292
3,1929,4292
3,1930,4292
3,1931,4292
3,1933,3983
3,1934,4381
3,1935,4381
3,1936,4381
3,1937,4050
3,1938,4050
3,1940,4382
3,1941,4382
3,1942,4382
3,1943,4382
3,1943,4515
3,1944,4382
3,1945,4382
3,1946,4383
3,1947,3965
3,1948,3965
3,1950,3965
3,1953,4388
3,1954,4388
3,1955,4176
3,1955,4389
3,1956,4389
3,1958,3818
3,1959,3818
3,1960,3818
3,1961,3818
3,1962,4390
3,1962,4739
3,1963,4390
3,1965,4476
3,1969,4594
3,1970,4594
3,1972,4476
3,1974,4337
3,1975,4338
3,1976,4395
3,1977,4395
3,1978,4395
3,1979,4395
3,1980,4395
3,1981,4395
3,1982,4395
3,1983,4395
3,1984,4395
3,1985,4395
3,1986,4395
3,1988,4397
3,1989,4397
3,1990,4396
3,1991,4397
3,1992,4397
3,1993,4397
3,1994,4397
3,1995,4397
3,1996,4397
3,1999,4310
3,2000,4309
3,2001,4309
3,2002,4309
3,2003,4309
3,2004,4309
3,2004,4652
3,2005,4649
3,2006,4308
3,2007,4308
3,2008,4308
3,2009,4333
3,2010,4333
3,2011,4333
3,2011,4589
3,2012,4221
3,2014,4400
3,2016,4400
3,2017,4400
3,2018,4400
3,2019,4400
3,2020,4400
3,2021,4400
3,2022,4400
3,2024,4402
3,2025,4402
3,2026,4402
3,2030,4334
3,2031,4185
3,2032,4334
3,2032,4573
3,2033,4334
3,2034,4334
3,2035,4334
3,2035,4574
3,2036,4334
3,2037,4334
3,2038,4334
3,2040,4403
3,2041,4403
3,2042,4403
3,2043,4403
3,2044,4403
3,2047,4404
3,2048,4404
3,2049,4404
3,2050,4404
3,2051,4404
3,2051,4654
3,2054,4221
3,2055,4221
3,2056,4221
3,2057,4221
3,2058,4221
3,2059,4221
3,2060,4221
3,2061,4221
3,2062,4721
3,2063,4221
3,2064,4221
3,2065,4221
3,2066,4221
3,2066,4587
3,2067,4221
3,2068,4221
3,2069,4221
3,2070,4221
3,2071,4221
3,2072,4221
3,2073,4221
3,2076,4407
3,2077,4406
3,2078,4407
3,2079,4407
3,2081,4408
3,2081,4411
3,2081,4412
3,2082,4408
3,2083,4408
3,2084,4408
3,2085,4408
3,2086,4408
3,2087,4408
3,2088,4408
3,2089,4408
3,2090,4566
3,2092,4409
3,2092,4538
3,2092,4720
3,2093,4409
3,2093,4410
3,2094,4409
3,2094,4412
3,2095,4409
3,2096,4409
3,2097,4409
3,2098,4411
3,2099,4411
3,2100,4411
3,2101,4411
3,2102,4412
3,2104,4413
3,2105,4413
3,2106,4413
3,2107,4413
3,2108,4413
3,2109,3976
3,2110,3976
3,2111,3975
3,2112,3975
3,2114,4430
3,2117,4417
3,2118,4418
3,2118,4639
3,2119,4418
3,2120,4418
3,2121,4418
3,2123,4419
3,2124,4420
3,2125,4420
3,2125,4729
3,2126,4420
3,2127,4420
3,2129,4421
3,2130,4421
3,2131,4421
3,2132,3841
3,2132,4422
3,2133,4422
3,2134,4422
3,2135,4422
3,2136,4422
3,2137,4422
3,2138,4422
3,2139,4422
3,2141,4423
3,2142,4424
3,2143,4424
3,2144,4424
3,2145,4424
3,2146,4425
3,2147,4426
3,2148,4426
3,2149,4426
3,2150,4426
3,2151,4426
3,2152,4426
3,2154,4427
3,2155,4428
3,2156,4428
3,2158,4430
3,2159,4430
3,2160,4430
3,2161,4430
3,2162,4151
3,2163,4152
3,2164,4152
3,2165,4152
3,2166,4297
3,2167,4208
3,2167,4434
3,2169,3994
3,2169,4435
3,2171,3995
3,2172,3995
3,2172,4446
3,2172,4575
3,2172,4576
3,2173,4435
3,2174,4437
3,2175,4437
3,2176,4437
3,2178,4436
3,2178,4462
3,2180,4438
3,2181,4438
3,2182,4438
3,2183,4438
3,2184,4438
3,2185,4438
3,2186,4276
3,2187,4276
3,2188,4276
3,2189,4580
3,2192,4440
3,2193,4440
3,2193,4569
3,2194,4440
3,2195,4440
3,2196,4440
3,2197,4192
3,2198,4192
3,2199,4192
3,2200,4192
3,2201,4192
3,2202,4192
3,2203,4192
3,2204,4061
3,2206,4162
3,2207,4162
3,2208,4162
3,2209,4161
3,2210,4161
3,2211,4161
3,2212,4296
3,2213,4296
3,2214,3918
3,2214,4543
3,2215,3842
3,2216,3842
3,2217,3842
3,2218,3849
3,2219,3849
3,2220,3849
3,2221,3849
3,2222,3849
3,2223,3847
3,2224,3847
3,2225,3847
3,2226,3847
3,2226,3850
3,2227,3847
3,2228,3847
3,2229,3847
3,2229,4306
3,2230,3847
3,2230,3850
3,2231,3847
3,2232,3967
3,2234,3966
3,2235,3966
3,2236,3966
3,2237,3966
3,2238,3966
3,2239,3955
3,2240,3955
3,2241,3955
3,2243,3955
3,2244,3955
3,2245,3955
3,2245,4600
3,2246,3955
3,2247,3955
3,2248,4441
3,2249,4441
3,2250,4441
3,2251,4441
3,2252,4441
3,2254,4442
3,2255,4442
3,2256,4442
3,2256,4443
3,2257,4442
3,2258,4442
3,2259,4166
3,2259,4442
3,2260,4442
3,2261,4442
3,2262,4442
3,2263,4442
3,2264,4442
3,2265,4442
3,2266,4442
3,2267,4442
3,2268,4442
3,2269,4442
3,2270,4442
3,2271,4442
3,2274,3862
3,2275,3862
3,2277,3869
3,2278,3869
3,2279,3869
3,2281,3870
3,2282,4611
3,2283,3870
3,2284,3870
3,2286,3971
3,2286,4595
3,2286,4669
3,2287,3909
3,2287,4504
3,2288,3971
3,2289,3971
3,2289,4482
3,2290,3971
3,2291,3971
3,2293,3972
3,2294,3972
3,2295,3972
3,2296,3972
3,2297,3972
3,2298,3972
3,2299,3972
3,2301,4303
3,2302,4303
3,2302,4678
3,2303,4303
3,2306,4444
3,2307,4445
3,2308,4305
3,2309,4305
3,2310,4305
3,2311,4305
3,2312,4306
3,2313,4306
3,2314,4306
3,2315,4306
3,2316,4306
3,2317,4306
3,2318,4306
3,2319,4306
3,2320,4306
3,2321,4306
3,2322,4306
3,2323,4306
3,2324,4306
3,2325,4193
3,2326,4193
3,2327,4193
3,2328,4193
3,2329,4193
3,2330,4193
3,2331,4447
3,2332,4447
3,2333,4447
3,2334,4447
3,2335,4447
3,2336,4447
3,2336,4504
3,2337,4510
3,2338,4446
3,2339,4446
3,2340,4446
3,2341,4446
3,2342,4447
3,2343,4447
3,2344,4447
3,2345,4447
3,2346,4447
3,2347,4447
3,2348,4447
3,2349,4447
3,2350,4447
3,2351,4447
3,2352,4447
3,2353,4448
3,2354,4448
3,2355,4448
3,2357,4449
3,2358,4449
3,2359,3897
3,2359,4594
3,2361,4450
3,2362,4451
3,2363,4451
3,2364,4451
3,2365,4452
3,2366,4452
3,2367,4283
3,2368,4283
3,2369,4283
3,2370,4283
3,2372,4453
3,2374,4454
3,2375,4454
3,2376,4159
3,2378,4160
3,2379,4160
3,2380,4160
3,2381,4160
3,2382,4160
3,2382,4566
3,2383,4160
3,2384,4160
3,2386,4455
3,2387,4455
3,2389,4456
3,2390,4456
3,2391,4456
3,2392,4163
3,2393,4163
3,2395,4164
3,2396,4164
3,2397,3841
3,2398,3841
3,2399,4165
3,2400,4165
3,2401,4166
3,2402,4105
3,2402,4166
3,2403,4166
3,2404,4166
3,2405,4457
3,2406,4457
3,2407,4457
3,2408,4458
3,2408,4743
3,2409,4458
3,2411,3991
3,2412,3991
3,2413,3991
3,2414,3991
3,2415,4310
3,2416,4310
3,2417,4307
3,2418,4307
3,2419,4307
3,2421,4459
3,2422,4459
3,2423,4459
3,2424,4459
3,2425,4459
3,2426,4459
3,2427,4460
3,2428,4460
3,2429,4460
3,2430,4460
3,2431,4461
3,2432,4460
3,2433,4460
3,2434,4460
3,2435,4460
3,2436,4460
3,2437,4461
3,2439,4463
3,2440,4463
3,2441,4463
3,2441,4716
3,2442,4463
3,2443,4463
3,2443,4507
3,2444,4465
3,2445,4465
3,2446,4465
3,2447,4465
3,2448,4465
3,2449,4465
3,2450,4465
3,2451,4465
3,2452,4465
3,2453,4467
3,2454,4467
3,2455,4467
3,2456,4467
3,2456,4694
3,2457,4467
3,2458,4466
3,2459,4466
3,2462,4468
3,2463,4468
3,2464,4468
3,2465,4468
3,2466,4468
3,2467,4468
3,2468,4468
3,2469,4468
3,2470,4468
3,2471,4324
3,2472,4324
3,2473,4324
3,2474,4324
3,2475,4324
3,2476,4190
3,2478,4469
3,2479,4469
3,2480,4469
3,2481,4469
3,2482,4469
3,2483,4471
3,2484,4470
3,2485,4470
3,2486,4470
3,2487,4470
3,2488,4470
3,2489,4473
3,2490,4474
3,2491,4474
3,2492,4474
3,2493,4474
3,2494,4476
3,2495,4476
3,2496,4476
3,2497,4476
3,2498,4476
3,2499,4476
3,2500,4476
3,2501,4476
3,2502,4476
3,2504,4477
3,2505,4477
3,2506,4479
3,2507,4479
3,2508,4479
3,2509,4480
3,2510,4480
3,2511,4480
3,2512,4480
3,2513,4480
3,2514,4480
3,2515,4481
3,2516,4481
3,2516,4546
3,2517,4482
3,2518,4482
3,2519,4484
3,2520,4484
3,2521,4484
3,2522,4484
3,2523,4484
3,2524,4484
3,2525,4484
3,2526,4484
3,2527,4484
3,2528,4484
3,2529,4484
3,2530,4484
3,2531,4483
3,2532,4483
3,2533,4733
3,2535,4487
3,2535,4739
3,2536,4487
3,2537,4489
3,2538,4489
3,2539,4489
3,2540,4489
3,2541,4489
3,2542,4490
3,2543,4490
3,2544,4490
3,2545,4490
3,2546,4491
3,2547,4491
3,2548,4491
3,2549,4491
3,2550,4491
3,2550,4528
3,2551,4491
3,2552,4491
3,2553,4491
3,2554,4491
3,2555,4491
3,2556,4493
3,2558,4492
3,2560,4494
3,2561,4496
3,2562,4497
3,2563,4497
3,2564,4497
3,2565,4498
3,2566,4498
3,2567,4498
3,2568,4498
3,2569,4498
3,2570,4640
3,2571,4499
3,2572,4499
3,2573,4500
3,2574,4501
3,2575,4501
3,2576,4501
3,2577,4501
3,2578,4501
3,2579,4502
3,2580,4503
3,2582,4504
3,2583,4504
3,2584,4504
3,2586,4505
3,2587,4505
3,2588,4505
3,2589,4505
3,2590,4505
3,2591,4505
3,2593,4506
3,2595,4507
3,2596,4507
3,2597,4507
3,2598,4507
3,2600,4508
3,2601,4508
3,2602,4508
3,2603,4508
3,2604,4508
3,2605,4508
3,2606,4510
3,2608,4510
3,2609,4510
3,2610,4510
3,2611,4510
3,2612,4510
3,2613,4509
3,2614,4509
3,2615,4509
3,2616,4509
3,2617,4509
3,2618,4509
3,2620,4511
3,2621,4511
3,2622,4511
3,2623,4511
3,2624,4512
3,2624,4653
3,2626,4512
3,2627,4513
3,2628,4513
3,2629,4513
3,2630,4513
3,2631,4513
3,2633,4514
3,2634,4514
3,2635,4514
3,2636,4514
3,2637,4514
3,2638,4514
3,2639,4515
3,2640,4515
3,2641,4515
3,2642,4515
3,2643,4515
3,2644,4515
3,2645,4515
3,2646,4515
3,2647,4516
3,2648,4516
3,2649,4516
3,2651,4516
3,2652,4516
3,2653,4517
3,2654,4517
3,2655,4517
3,2656,4517
3,2657,4517
3,2658,4516
3,2659,4518
3,2660,4518
3,2661,4518
3,2662,4518
3,2663,4518
3,2664,4519
3,2665,4519
3,2666,4519
3,2667,4519
3,2668,4519
3,2669,4519
3,2670,4519
3,2671,4519
3,2672,4519
3,2674,4520
3,2675,4520
3,2676,4520
3,2677,4520
3,2678,4520
3,2679,4520
3,2680,4521
3,2681,4521
3,2682,4521
3,2683,4522
3,2684,4522
3,2685,4522
3,2686,4522
3,2687,4523
3,2688,4523
3,2689,4523
3,2690,4523
3,2691,4523
3,2692,4523
3,2693,4523
3,2694,4524
3,2695,4524
3,2696,4524
3,2697,4524
3,2698,4524
3,2699,4525
3,2700,4525
3,2701,4525
3,2702,4525
3,2703,4525
3,2704,4525
3,2705,4526
3,2706,4526
3,2707,4526
3,2708,4526
3,2709,4526
3,2710,4526
3,2711,4526
3,2712,4526
3,2714,4528
3,2715,4528
3,2718,4530
3,2721,4530
3,2722,4530
3,2723,4530
3,2724,4530
3,2725,4530
3,2726,4530
3,2727,4531
3,2728,4531
3,2729,4531
3,2730,4531
3,2731,4531
3,2732,4531
3,2733,4531
3,2734,4531
3,2735,4533
3,2736,4533
3,2737,4533
3,2738,4533
3,2739,4533
3,2740,4533
3,2742,4532
3,2745,4534
3,2746,4534
3,2747,4534
3,2748,4534
3,2749,4534
3,2750,4535
3,2751,4535
3,2752,4535
3,2753,4535
3,2754,4535
3,2754,4689
3,2755,4535
3,2756,4535
3,2757,4535
3,2758,4535
3,2759,4536
3,2760,4536
3,2761,4536
3,2763,4537
3,2764,4537
3,2765,4537
3,2766,4537
3,2770,4538
3,2771,4538
3,2772,4538
3,2774,4539
3,2775,4539
3,2776,4539
3,2777,4539
3,2779,4540
3,2780,4540
3,2781,4540
3,2782,4540
3,2783,4540
3,2784,4540
3,2785,4540
3,2786,4541
3,2787,4541
3,2788,4541
3,2789,4541
3,2790,4541
3,2792,4543
3,2793,4543
3,2794,4543
3,2795,4544
3,2796,4544
3,2797,4544
3,2798,4544
3,2799,4215
3,2800,4215
3,2801,4215
3,2802,4215
3,2803,4215
3,2804,4215
3,2805,4215
3,2806,4215
3,2807,4215
3,2808,4215
3,2809,4215
3,2810,4215
3,2811,4215
3,2812,4215
3,2813,4215
3,2813,4602
3,2813,4646
3,2815,4164
3,2816,4545
3,2817,4545
3,2818,4545
3,2819,4545
3,2820,4545
3,2821,4545
3,2822,4545
3,2824,4546
3,2825,4546
3,2826,4546
3,2827,4546
3,2828,4546
3,2830,4548
3,2831,4549
3,2832,4549
3,2833,4550
3,2835,4550
3,2836,4550
3,2837,4550
3,2838,4551
3,2839,4551
3,2840,4552
3,2841,4551
3,2842,4551
3,2843,4555
3,2844,4555
3,2845,4555
3,2846,4555
3,2847,4555
3,2849,4557
3,2850,4557
3,2852,4558
3,2853,4558
3,2854,4558
3,2855,4258
3,2856,4560
3,2857,4560
3,2858,4561
3,2859,4561
3,2860,4561
3,2861,4561
3,2862,4561
3,2863,4562
3,2864,4562
3,2865,4562
3,2866,4563
3,2867,4563
3,2868,4563
3,2869,3898
3,2869,4107
3,2870,4564
3,2871,4564
3,2872,4565
3,2874,4565
3,2875,4565
3,2876,4565
3,2877,4565
3,2877,4718
3,2878,4566
3,2879,4084
3,2879,4566
3,2880,4566
3,2880,4570
3,2881,4566
3,2882,4566
3,2883,4566
3,2884,4566
3,2885,4566
3,2886,4566
3,2887,4567
3,2888,4567
3,2889,4567
3,2890,4567
3,2891,4567
3,2892,4567
3,2893,4568
3,2894,4569
3,2895,4569
3,2896,4569
3,2897,4569
3,2897,4658
3,2898,4570
3,2899,4570
3,2900,4570
3,2901,4570
3,2902,4570
3,2903,4570
3,2904,4570
3,2905,4570
3,2907,4571
3,2908,4571
3,2909,4571
3,2910,4571
3,2911,4571
3,2912,4571
3,2913,4571
3,2914,4571
3,2915,4669
3,2915,4711
3,2916,4572
3,2917,4572
3,2917,4689
3,2918,4573
3,2919,4573
3,2920,4573
3,2921,4573
3,2921,4689
3,2922,4194
3,2923,4194
3,2924,4194
3,2925,4194
3,2926,4194
3,2928,4574
3,2929,4574
3,2930,4574
3,2931,4574
3,2932,4574
3,2933,4575
3,2934,4575
3,2935,4576
3,2935,4583
3,2936,4576
3,2937,4576
3,2938,4576
3,2939,4576
3,2940,4576
3,2941,4576
3,2942,4576
3,2943,4576
3,2944,4576
3,2946,4185
3,2947,4577
3,2948,4579
3,2948,4684
3,2949,4579
3,2950,4580
3,2951,4580
3,2952,4580
3,2953,4581
3,2954,4581
3,2955,4581
3,2956,4581
3,2957,4581
3,2958,4582
3,2959,4582
3,2960,4582
3,2960,4631
3,2961,4582
3,2961,4591
3,2963,4583
3,2964,4583
3,2965,4583
3,2966,4583
3,2967,4583
3,2968,4583
3,2969,4583
3,2970,4585
3,2971,4586
3,2972,4586
3,2973,4586
3,2974,4586
3,2974,4655
3,2975,4587
3,2976,4587
3,2977,4587
3,2978,4587
3,2979,4587
3,2980,4587
3,2981,4588
3,2982,4588
3,2983,4589
3,2984,4589
3,2984,4592
3,2985,4589
3,2986,4589
3,2988,4590
3,2989,4591
3,2990,4704
3,2991,4591
3,2993,4592
3,2994,4593
3,2995,4594
3,2996,4594
3,2997,4594
3,2998,4105
3,2998,4638
3,2999,4595
3,3000,4595
3,3001,4595
3,3002,4595
3,3003,4595
3,3004,4595
3,3005,4595
3,3006,4595
3,3007,4595
3,3008,4596
3,3009,4596
3,3010,4332
3,3011,4332
3,3012,4597
3,3013,4597
3,3014,4597
3,3015,4597
3,3016,4600
3,3017,4598
3,3018,4598
3,3019,4598
3,3020,4598
3,3021,4598
3,3022,4599
3,3023,4599
3,3024,4599
3,3025,4599
3,3026,4599
3,3027,4599
3,3028,4599
3,3029,4599
3,3030,4599
3,3031,4599
3,3032,4600
3,3033,4600
3,3033,4657
3,3033,4661
3,3033,4696
3,3034,4600
3,3035,4600
3,3036,4600
3,3037,4600
3,3038,4600
3,3039,4600
3,3040,4600
3,3041,4601
3,3042,4601
3,3043,4602
3,3044,4602
3,3045,4602
3,3046,4602
3,3047,4602
3,3048,4602
3,3049,4602
3,3050,4602
3,3051,4602
3,3052,4602
3,3053,4602
3,3054,4603
3,3055,4603
3,3056,4390
3,3057,4604
3,3058,4604
3,3059,4357
3,3061,4605
3,3062,4605
3,3063,3874
3,3063,4606
3,3064,4606
3,3065,4606
3,3066,4606
3,3067,4606
3,3068,4607
3,3069,4607
3,3070,4608
3,3071,4608
3,3072,4608
3,3073,4608
3,3074,4608
3,3075,4608
3,3076,4609
3,3077,4609
3,3078,4609
3,3079,4610
3,3080,4607
3,3081,4610
3,3082,4611
3,3083,4612
3,3084,4612
3,3085,4612
3,3086,4612
3,3087,4612
3,3088,4612
3,3089,4612
3,3090,4612
3,3091,4612
3,3092,4612
3,3093,4612
3,3094,4612
3,3095,4612
3,3096,4612
3,3097,4612
3,3098,4612
3,3099,4614
3,3100,4614
3,3101,4615
3,3102,4615
3,3103,4616
3,3104,4616
3,3105,4616
3,3106,4616
3,3107,4617
3,3107,4684
3,3108,4618
3,3109,4618
3,3110,4618
3,3111,4619
3,3112,4619
3,3113,4619
3,3114,4619
3,3115,4619
3,3116,4619
3,3117,4619
3,3118,4619
3,3119,4619
3,3119,4683
3,3120,4619
3,3121,4619
3,3121,4707
3,3121,4731
3,3122,4619
3,3123,4619
3,3123,4687
3,3124,4619
3,3125,4619
3,3126,4619
3,3127,4620
3,3128,4620
3,3128,4621
3,3128,4650
3,3128,4721
3,3129,4620
3,3130,4620
3,3131,4316
3,3132,4316
3,3133,4316
3,3134,4316
3,3135,4621
3,3135,4663
3,3136,4621
3,3136,4663
3,3137,4621
3,3138,4621
3,3139,4686
3,3140,4622
3,3141,4622
3,3142,4623
3,3143,4623
3,3144,4623
3,3145,4623
3,3146,4623
3,3148,4626
3,3149,4626
3,3150,4626
3,3151,4626
3,3152,4626
3,3153,4627
3,3154,4624
3,3154,4627
3,3155,4627
3,3156,4629
3,3157,4629
3,3158,4629
3,3158,4633
3,3159,4629
3,3160,4629
3,3161,4629
3,3162,4629
3,3163,4629
3,3165,4617
3,3166,4630
3,3166,4632
3,3167,4630
3,3168,4630
3,3169,4631
3,3170,4631
3,3171,4631
3,3172,4632
3,3173,4632
3,3174,4632
3,3175,4632
3,3176,4633
3,3177,4633
3,3178,4633
3,3179,4633
3,3180,4633
3,3181,4634
3,3182,4635
3,3183,4635
3,3184,4636
3,3185,4637
3,3186,4107
3,3186,4637
3,3187,4637
3,3187,4680
3,3188,4637
3,3189,4638
3,3190,4638
3,3191,4639
3,3192,4639
3,3193,4641
3,3194,4641
3,3195,4641
3,3196,4641
3,3197,4645
3,3197,4649
3,3198,4646
3,3199,4646
3,3200,4647
3,3201,4647
3,3201,4731
3,3202,4187
3,3203,4187
3,3204,4186
3,3205,4186
3,3206,4186
3,3207,4026
3,3208,4175
3,3208,4651
3,3209,4649
3,3210,4649
3,3211,4649
3,3212,4649
3,3213,4649
3,3214,4649
3,3214,4665
3,3215,4649
3,3216,4649
3,3217,4650
3,3218,4650
3,3219,4650
3,3220,4650
3,3221,4650
3,3222,4650
3,3223,4650
3,3224,4650
3,3225,4650
3,3226,4650
3,3227,4650
3,3228,4651
3,3229,4651
3,3230,4651
3,3231,4651
3,3232,4651
3,3233,4651
3,3234,4651
3,3235,4651
3,3236,4651
3,3237,4651
3,3238,4651
3,3239,4652
3,3240,4652
3,3241,4652
3,3242,4652
3,3243,4652
3,3244,4652
3,3245,4652
3,3246,4652
3,3247,4652
3,3248,4652
3,3249,4652
3,3250,4652
3,3251,4652
3,3252,4185
3,3253,4185
3,3254,4185
3,3255,4185
3,3256,4185
3,3257,4185
3,3258,4185
3,3259,4185
3,3260,4185
3,3261,4185
3,3262,4653
3,3263,4653
3,3264,4653
3,3265,4653
3,3267,4654
3,3267,4707
3,3269,4655
3,3270,4655
3,3271,4655
3,3272,4655
3,3273,4655
3,3274,4655
3,3275,4656
3,3275,4721
3,3276,4656
3,3277,4656
3,3278,4656
3,3279,4656
3,3280,4657
3,3281,4657
3,3282,4657
3,3283,4658
3,3284,4658
3,3285,4658
3,3286,4659
3,3287,4659
3,3288,4659
3,3301,4660
3,3302,4660
3,3303,4175
3,3303,4660
3,3304,4660
3,3305,4661
3,3306,4661
3,3307,4661
3,3308,4662
3,3309,4662
3,3310,4662
3,3311,4662
3,3312,4662
3,3314,4663
3,3315,4663
3,3316,4663
3,3318,4664
3,3319,4664
3,3320,4664
3,3321,4664
3,3323,4665
3,3324,4665
3,3325,4665
3,3326,4208
3,3326,4671
3,3328,4666
3,3329,4666
3,3330,4666
3,3331,4666
3,3332,4666
3,3333,4666
3,3334,4666
3,3335,4188
3,3336,4188
3,3337,4188
3,3338,4188
3,3339,4188
3,3340,4188
3,3341,4667
3,3342,4667
3,3343,4667
3,3344,4667
3,3345,4667
3,3346,4667
3,3347,4667
3,3348,4667
3,3349,4667
3,3351,4668
3,3352,4668
3,3353,4669
3,3354,4669
3,3354,4680
3,3355,4669
3,3356,4206
3,3357,4206
3,3358,4206
3,3359,4206
3,3360,4206
3,3361,4670
3,3362,4670
3,3363,4671
3,3364,4671
3,3365,4671
3,3366,4672
3,3367,4672
3,3368,4672
3,3369,4672
3,3370,4672
3,3371,4672
3,3372,4672
3,3373,4672
3,3374,4672
3,3375,4672
3,3376,4672
3,3377,4672
3,3378,4672
3,3379,4672
3,3380,4672
3,3381,4672
3,3382,4673
3,3383,4673
3,3384,4673
3,3385,4673
3,3386,4673
3,3388,4674
3,3389,4674
3,3390,4674
3,3391,4674
3,3392,4675
3,3393,4675
3,3393,4688
3,3394,4675
3,3395,4675
3,3396,4673
3,3397,4340
3,3397,4695
3,3398,3912
3,3399,3903
3,3400,3903
3,3401,3903
3,3402,3903
3,3403,4676
3,3404,4676
3,3405,4676
3,3406,4677
3,3407,4677
3,3408,4678
3,3409,4678
3,3410,4679
3,3411,4680
3,3411,4680
3,3412,4681
3,3413,4681
3,3414,4681
3,3415,4681
3,3416,4681
3,3418,4682
3,3419,4682
3,3420,4682
3,3421,4683
3,3422,4684
3,3423,4686
3,3424,4686
3,3425,4686
3,3426,4686
3,3427,4686
3,3428,4687
3,3429,4688
3,3430,4689
3,3431,4689
3,3432,4690
3,3434,4691
3,3435,4691
3,3436,4691
3,3438,4692
3,3439,4692
3,3440,4692
3,3441,4692
3,3442,4692
3,3443,4692
3,3444,4692
3,3445,4692
3,3446,4692
3,3447,4692
3,3448,4692
3,3449,4692
3,3450,4692
3,3451,4692
3,3452,4692
3,3453,4692
3,3454,4692
3,3455,4692
3,3456,4692
3,3457,4692
3,3458,4692
3,3459,4692
3,3460,4692
3,3461,4692
3,3462,4692
3,3463,4692
3,3464,4692
3,3466,4694
3,3467,4694
3,3468,4694
3,3469,4693
3,3470,4693
3,3471,4693
3,3472,4693
3,3473,4693
3,3474,4693
3,3475,4695
3,3476,4696
3,3477,4697
3,3478,4697
3,3480,4698
3,3481,4698
3,3482,4698
3,3483,4698
3,3486,4703
3,3487,4703
3,3488,4703
3,3489,4703
3,3490,4703
3,3491,4703
3,3492,4703
3,3493,4703
3,3494,4703
3,3495,4703
3,3496,4703
3,3497,4703
3,3498,4703
3,3500,4704
3,3501,4704
3,3502,4704
3,3503,4704
3,3504,4704
3,3505,4704
3,3506,4120
3,3507,4120
3,3508,4120
3,3509,4120
3,3510,4319
3,3511,4319
3,3512,4319
3,3513,4319
3,3514,4319
3,3515,4319
3,3516,4319
3,3517,4319
3,3518,4319
3,3519,4319
3,3520,4319
3,3521,4319
3,3522,4319
3,3523,4319
3,3524,4705
3,3525,4707
3,3526,4707
3,3527,4707
3,3528,4707
3,3529,4707
3,3530,4708
3,3531,4708
3,3532,4708
3,3533,4708
3,3534,4708
3,3535,4708
3,3536,4708
3,3537,4708
3,3540,4711
3,3541,4711
3,3542,4711
3,3543,4711
3,3544,4711
3,3545,4708
3,3546,4708
3,3547,4708
3,3548,4708
3,3549,4708
3,3551,4712
3,3552,4712
3,3553,4712
3,3554,4712
3,3555,4712
3,3556,4712
3,3558,4713
3,3559,4713
3,3560,4713
3,3561,4713
3,3562,4713
3,3563,4713
3,3564,4713
3,3565,4713
3,3566,4713
3,3567,4713
3,3568,4713
3,3569,4713
3,3570,4714
3,3571,4714
3,3573,4715
3,3574,4715
3,3575,4715
3,3576,4715
3,3577,4715
3,3578,4715
3,3579,4715
3,3580,4716
3,3581,4716
3,3582,4716
3,3583,4716
3,3584,4716
3,3585,4716
3,3586,4716
3,3587,4148
3,3588,4717
3,3589,4717
3,3590,4409
3,3591,4718
3,3592,4718
3,3593,4718
3,3594,4718
3,3595,4718
3,3596,4718
3,3597,4718
3,3598,4719
3,3599,4719
3,3600,4719
3,3601,4719
3,3602,4719
3,3603,4719
3,3604,4719
3,3605,4719
3,3606,4719
3,3607,4719
3,3608,4720
3,3609,4720
3,3610,4720
3,3611,4720
3,3612,4720
3,3613,4720
3,3614,4720
3,3615,4720
3,3616,4720
3,3617,4721
3,3618,4722
3,3619,4722
3,3620,4722
3,3621,4195
3,3622,4195
3,3623,4195
3,3624,4195
3,3625,4195
3,3626,4195
3,3627,4723
3,3628,4723
3,3629,4723
3,3630,4724
3,3631,4724
3,3632,4725
3,3633,4725
3,3634,4725
3,3635,4725
3,3636,3898
3,3636,3899
3,3636,3939
3,3636,4725
3,3637,4116
3,3637,4726
3,3638,4036
3,3639,4036
3,3640,4036
3,3641,4036
3,3642,4036
3,3643,4036
3,3644,4730
3,3645,4730
3,3646,4730
3,3647,4730
3,3648,4730
3,3649,4730
3,3650,4730
3,3651,4731
3,3652,4731
3,3653,4732
3,3654,4732
3,3655,4732
3,3656,4732
3,3657,4732
3,3658,4732
3,3659,4732
3,3660,4732
3,3661,4732
3,3662,4732
3,3663,4732
3,3664,4732
3,3665,4732
3,3667,4734
3,3668,4733
3,3669,4547
3,3671,3874
3,3672,3874
3,3675,4721
3,3676,4721
3,3677,4721
3,3679,3931
3,3680,4516
3,3681,4516
3,3682,4516
3,3684,3898
3,3687,3917
3,3687,4472
3,3688,3917
3,3689,3917
3,3690,4738
3,3691,4191
3,3692,3918
3,3693,3918
3,3694,3920
3,3695,3918
3,3696,3918
3,3697,3832
3,3698,3847
3,3699,4089
3,3700,4089
3,3701,4089
3,3702,4680
3,3703,3898
3,3703,4565
3,3704,3898
3,3705,3898
3,3708,4741
3,3709,4739
3,3710,4741
3,3711,4118
3,3711,4130
3,3712,4298
3,3713,4298
3,3714,3850
3,3714,3875
3,3715,4101
3,3716,4649
3,3718,3854
3,3723,4183
3,3724,3882
3,3725,3882
3,3726,4416
3,3727,4416
3,3728,4416
3,3729,4414
3,3730,4414
3,3731,4414
3,3732,4414
3,3733,4414
3,3734,4414
3,3735,4414
3,3737,4041
3,3738,4041
3,3743,3879
3,3744,3879
3,3745,4339
3,3747,3890
3,3751,4624
3,3752,4624
3,3753,4624
3,3754,4624
3,3755,4624
3,3756,4624
3,3757,4048
3,3758,4048
3,3759,4739
3,3760,4739
3,3761,4739
3,3762,4739
3,3763,4739
3,3764,4739
3,3765,4739
3,3766,4739
3,3768,4547
3,3769,4547
3,3770,4108
3,3771,4108
3,3774,4742
3,3775,4743
3,3776,4743
3,3780,3850
3,3782,4117
3,3783,3821
3,3786,4112
3,3787,4112
3,3791,4744
3,3792,4744
3,3793,4744
3,3794,4744
3,3795,4744
3,3796,4744
3,3797,4744
3,3800,4745
3,3801,4745
3,3802,4745
3,3803,4745
3,3804,4745
3,3805,4745
3,3806,4745
3,3807,4745
3,3808,4745
3,3809,4745
4,219,4172
4,411,3940
4,436,4262
4,824,4093
4,1181,4167
4,2027,4744
4,2039,4403
4,2046,4404
4,2300,4303
5,140,3973
5,1182,4167
5,1559,4258
5,2028,4334
5,2031,4334
5,2045,4404
5,3790,4744
5,3799,4745
6,57,4249
6,102,3897
6,110,3904
6,341,3876
6,429,3889
6,430,3889
6,468,4042
6,914,4108
6,1032,4121
6,1264,4336
6,1403,4213
6,1428,4220
6,1439,4251
6,1540,4255
6,1587,4265
6,1596,3872
6,1604,4331
6,1609,4300
6,1622,4343
6,1645,4274
6,1728,4351
6,1841,4269
6,1939,3908
6,2116,4417
6,2368,3881
6,2848,4556
6,3233,4529
6,3707,4740
6,3717,3855
6,3740,4529
6,3778,4282
7,3719,3876
7,3739,4529
8,60,3879
8,101,3843
8,113,3949
8,129,4737
8,162,3953
8,182,3998
8,200,3963
8,221,4004
8,227,4008
8,237,4010
8,269,4018
8,280,3827
8,288,4020
8,294,3979
8,299,4022
8,312,3883
8,317,3906
8,324,4024
8,359,4030
8,398,3984
9,1577,4147
9,1621,4342
9,1937,4385
10,56,3826
10,72,3826
10,125,3826
10,127,3826
10,136,3826
10,193,3826
11,12,3949
11,72,3949
11,179,3949
11,186,4000
11,187,4001
11,281,3827
11,282,3827
11,284,3827
11,287,3827
12,75,3931
12,80,3811
12,130,3959
12,138,3816
12,141,3973
12,169,3835
12,180,3843
12,183,3998
12,201,3963
12,205,3929
12,209,3915
12,217,3921
12,222,4004
12,230,4008
12,238,4010
12,244,4262
12,248,3923
12,257,4032
12,270,4018
12,285,3827
12,289,4020
12,295,3979
12,301,4022
12,314,3883
12,318,3906
12,325,4024
12,337,4026
12,347,3830
12,362,4030
12,386,3987
12,401,3984
12,1932,3982
12,1952,4388
12,3666,4734
12,3788,3965
13,13,4040
13,15,4246
13,57,4248
13,67,4247
13,94,4113
13,416,3941
13,438,4401
13,469,4477
13,472,4041
13,477,4043
13,496,3845
13,496,3888
13,543,3877
13,578,4516
13,696,4068
13,698,4068
13,704,4069
13,760,4084
13,804,4088
13,830,4094
13,842,4096
13,910,4105
13,983,3978
13,987,3978
13,1040,4123
13,1086,4133
13,1112,4141
13,1183,4167
13,1328,4189
13,1405,4212
13,1535,4252
13,1741,4353
13,1900,4366
13,2005,4310
13,2113,4415
13,2273,3862
13,2304,4303
13,2873,4565
13,3694,4737
13,3694,4738
13,3706,4119
13,3720,3876
13,3721,3876
13,3722,3876
13,3741,4591
13,3746,4339
13,3748,3928
13,3749,3926
13,3750,4624
13,3772,4109
13,3785,4114
14,571,4214
14,903,4602
14,1407,4214
14,1408,4214
14,1409,4214
14,1410,4214
14,1411,4214
14,1412,4214
14,1413,4214
14,1415,4214
15,340,4147
16,174,3839
17,97,3949
17,188,4001
17,283,3827
17,286,3827
18,71,3825
18,99,3822
18,358,3857
18,439,3852
18,446,4052
18,465,4039
18,506,4047
18,539,4055
18,542,4056
18,549,3857
18,550,4399
18,575,4061
18,630,4425
18,940,3863
18,940,4478
18,971,4111
18,1065,4127
18,1130,4124
18,1604,4330
18,2153,4427
18,2157,4431
19,89,4466
19,428,3889
19,595,4475
19,719,3919
19,1206,4171
19,1229,4304
19,1423,4218
19,1987,4394
19,2166,4433
19,2625,4512
19,2762,4536
19,2773,4506
19,2791,4542
19,3736,4529
20,549,3860
20,567,4059
20,1610,4300
20,1889,4039
21,551,3860
21,566,4059
22,725,3940
22,729,4265
22,3685,4265
23,1,3933
23,33,3961
23,36,3942
23,954,3926
23,973,3935
23,977,3911
23,981,3978
23,993,4113
23,1002,3957
23,1019,3892
23,3773,4742
23,3781,4117
24,1139,4148
25,470,4281
25,3779,4281
26,3,3970
26,21,3970
26,998,3970
26,1217,3970
26,1494,3970
26,1495,3970
26,1496,3970
26,1497,3970
27,85,4370
27,106,4375
27,803,4377
27,809,4371
27,1001,4378
27,1009,4373
27,1219,4372
27,1498,4374
27,1499,3834
27,1500,4380
27,1501,4379
27,1502,4376
28,554,4239
28,683,4229
28,986,4237
28,1127,4226
28,1263,4238
28,1331,4242
28,1470,4234
28,1503,4224
28,1504,4225
28,1505,4227
28,1506,4228
28,1507,4230
28,1508,4231
28,1509,4232
28,1510,4233
28,1511,4235
28,1512,4236
28,1513,4240
28,1514,4241
28,1515,4243
28,1516,4244
28,1517,4245
29,1611,4344
29,1612,4344
29,1613,4344
29,1614,4344
29,1618,4342
30,1615,4341
31,3,4342
31,1761,4314
31,1762,4314
31,1962,4415
31,3289,4393
31,3290,4393
31,3291,4393
31,3292,4393
31,3293,4393
31,3294,4393
31,3295,4393
31,3296,4393
31,3297,4393
31,3298,4393
31,3299,4393
31,3330,4264
31,3686,4264
32,1616,4345
33,976,4413
33,1617,4343
33,1619,4343
33,1620,4343
34,420,4381
34,2855,4381
35,1937,4382
35,1939,4382
35,2052,4221
36,74,4080
36,746,4077
36,1962,4391
36,1963,3969
36,1964,4392
36,1965,4076
36,1966,4746
36,1967,3997
36,1968,3992
36,1969,4075
36,1970,4078
36,1971,4079
36,1972,4081
36,2842,4553
37,2074,4405
38,2280,3870
39,3777,3895
40,435,4050
